,인덱스,레이블,counts,R,G,B,lable,director,festival,award,staff
0,1,3.0,12.0,100.0,66.0,54.0,1.0,0.0,1.0,1.0,0.0
1,2,3.0,3.0,0.0,0.0,0.0,0.0,0.0,0.0,0.0,0.0
2,3,3.0,3.0,95.0,66.0,53.0,0.0,0.0,0.0,0.0,0.0
3,4,3.0,0.0,115.0,131.0,135.0,0.0,0.0,0.0,0.0,0.0
4,5,1.0,1.0,112.0,43.0,17.0,0.0,0.0,0.0,0.0,0.0
5,6,3.0,4.0,0.0,0.0,0.0,1.0,1.0,0.0,0.0,0.0
6,7,3.0,10.0,78.0,73.0,78.0,0.0,0.0,0.0,0.0,0.0
7,8,3.0,3.0,182.0,155.0,145.0,1.0,0.0,0.0,1.0,0.0
8,9,3.0,8.0,122.0,109.0,106.0,1.0,0.0,1.0,1.0,0.0
9,10,3.0,1.0,0.0,0.0,0.0,0.0,0.0,0.0,0.0,0.0
10,11,3.0,5.0,131.0,125.0,109.0,0.0,0.0,0.0,0.0,0.0
11,12,3.0,1.0,34.0,37.0,51.0,0.0,0.0,0.0,0.0,0.0
12,13,0.0,0.0,121.0,109.0,99.0,0.0,0.0,0.0,0.0,0.0
13,14,3.0,0.0,61.0,38.0,24.0,0.0,0.0,0.0,0.0,0.0
14,15,3.0,2.0,85.0,61.0,63.0,1.0,1.0,0.0,0.0,0.0
15,16,3.0,0.0,59.0,81.0,91.0,1.0,0.0,0.0,0.0,1.0
16,16,3.0,1.0,59.0,81.0,91.0,1.0,0.0,0.0,0.0,1.0
17,17,3.0,5.0,87.0,113.0,94.0,0.0,0.0,0.0,0.0,0.0
18,18,3.0,4.0,0.0,0.0,0.0,0.0,0.0,0.0,0.0,0.0
19,19,3.0,13.0,181.0,159.0,170.0,0.0,0.0,0.0,0.0,0.0
20,20,3.0,4.0,0.0,0.0,0.0,0.0,0.0,0.0,0.0,0.0
21,21,3.0,2.0,39.0,32.0,26.0,0.0,0.0,0.0,0.0,0.0
22,22,3.0,3.0,0.0,0.0,0.0,0.0,0.0,0.0,0.0,0.0
23,23,3.0,8.0,137.0,135.0,140.0,1.0,0.0,0.0,0.0,1.0
24,24,3.0,6.0,112.0,97.0,101.0,0.0,0.0,0.0,0.0,0.0
25,25,3.0,1.0,128.0,136.0,121.0,0.0,0.0,0.0,0.0,0.0
26,26,0.0,5.0,79.0,39.0,46.0,0.0,0.0,0.0,0.0,0.0
27,27,3.0,13.0,0.0,0.0,0.0,0.0,0.0,0.0,0.0,0.0
28,28,3.0,5.0,0.0,0.0,0.0,0.0,0.0,0.0,0.0,0.0
29,29,3.0,0.0,96.0,93.0,68.0,0.0,0.0,0.0,0.0,0.0
30,30,3.0,0.0,142.0,129.0,111.0,0.0,0.0,0.0,0.0,0.0
31,31,3.0,3.0,149.0,110.0,74.0,0.0,0.0,0.0,0.0,0.0
32,32,0.0,18.0,104.0,125.0,119.0,1.0,0.0,1.0,0.0,0.0
33,33,3.0,11.0,79.0,57.0,60.0,0.0,0.0,0.0,0.0,0.0
34,34,3.0,5.0,85.0,75.0,107.0,0.0,0.0,0.0,0.0,0.0
35,35,1.0,2.0,67.0,53.0,59.0,0.0,0.0,0.0,0.0,0.0
36,36,3.0,5.0,133.0,122.0,126.0,1.0,1.0,0.0,0.0,0.0
37,37,1.0,5.0,38.0,41.0,43.0,0.0,0.0,0.0,0.0,0.0
38,38,3.0,4.0,75.0,75.0,81.0,0.0,0.0,0.0,0.0,0.0
39,39,0.0,5.0,145.0,94.0,127.0,0.0,0.0,0.0,0.0,0.0
40,40,3.0,3.0,0.0,0.0,0.0,0.0,0.0,0.0,0.0,0.0
41,41,3.0,8.0,106.0,110.0,108.0,0.0,0.0,0.0,0.0,0.0
42,42,3.0,6.0,114.0,59.0,44.0,1.0,1.0,1.0,0.0,0.0
43,43,2.0,1.0,227.0,217.0,205.0,1.0,0.0,0.0,1.0,0.0
44,44,3.0,3.0,82.0,65.0,116.0,0.0,0.0,0.0,0.0,0.0
45,45,3.0,1.0,0.0,0.0,0.0,1.0,0.0,0.0,0.0,1.0
46,46,3.0,0.0,124.0,76.0,72.0,0.0,0.0,0.0,0.0,0.0
47,47,0.0,6.0,109.0,100.0,93.0,1.0,1.0,0.0,1.0,0.0
48,48,0.0,11.0,124.0,143.0,142.0,0.0,0.0,0.0,0.0,0.0
49,49,0.0,1.0,117.0,93.0,98.0,1.0,0.0,0.0,0.0,1.0
50,50,3.0,0.0,73.0,59.0,43.0,0.0,0.0,0.0,0.0,0.0
51,51,3.0,2.0,102.0,128.0,138.0,0.0,0.0,0.0,0.0,0.0
52,52,3.0,1.0,48.0,60.0,99.0,1.0,1.0,0.0,0.0,0.0
53,53,1.0,2.0,53.0,63.0,45.0,0.0,0.0,0.0,0.0,0.0
54,54,3.0,0.0,45.0,37.0,84.0,0.0,0.0,0.0,0.0,0.0
55,55,3.0,6.0,131.0,82.0,36.0,0.0,0.0,0.0,0.0,0.0
56,56,3.0,1.0,99.0,140.0,163.0,0.0,0.0,0.0,0.0,0.0
57,57,3.0,4.0,0.0,0.0,0.0,0.0,0.0,0.0,0.0,0.0
58,58,3.0,10.0,98.0,82.0,91.0,0.0,0.0,0.0,0.0,0.0
59,59,3.0,3.0,97.0,114.0,132.0,0.0,0.0,0.0,0.0,0.0
60,60,3.0,0.0,0.0,0.0,0.0,0.0,0.0,0.0,0.0,0.0
61,61,0.0,5.0,82.0,82.0,78.0,0.0,0.0,0.0,0.0,0.0
62,62,3.0,5.0,102.0,79.0,72.0,0.0,0.0,0.0,0.0,0.0
63,63,3.0,5.0,55.0,59.0,61.0,0.0,0.0,0.0,0.0,0.0
64,64,3.0,1.0,0.0,0.0,0.0,1.0,1.0,0.0,0.0,0.0
65,65,3.0,0.0,0.0,0.0,0.0,0.0,0.0,0.0,0.0,0.0
66,66,3.0,0.0,209.0,137.0,102.0,0.0,0.0,0.0,0.0,0.0
67,67,1.0,0.0,16.0,47.0,71.0,0.0,0.0,0.0,0.0,0.0
68,68,3.0,9.0,53.0,48.0,57.0,0.0,0.0,0.0,0.0,0.0
69,69,3.0,5.0,24.0,26.0,26.0,0.0,0.0,0.0,0.0,0.0
70,70,1.0,5.0,113.0,119.0,74.0,0.0,0.0,0.0,0.0,0.0
71,71,3.0,0.0,94.0,92.0,102.0,0.0,0.0,0.0,0.0,0.0
72,72,3.0,3.0,84.0,89.0,80.0,0.0,0.0,0.0,0.0,0.0
73,73,0.0,3.0,79.0,69.0,57.0,1.0,0.0,0.0,0.0,1.0
74,74,3.0,2.0,112.0,91.0,79.0,0.0,0.0,0.0,0.0,0.0
75,75,3.0,4.0,96.0,121.0,150.0,0.0,0.0,0.0,0.0,0.0
76,76,1.0,8.0,106.0,113.0,146.0,0.0,0.0,0.0,0.0,0.0
77,77,3.0,5.0,140.0,131.0,110.0,0.0,0.0,0.0,0.0,0.0
78,78,3.0,3.0,118.0,92.0,70.0,0.0,0.0,0.0,0.0,0.0
79,79,3.0,1.0,152.0,129.0,105.0,0.0,0.0,0.0,0.0,0.0
80,80,3.0,10.0,60.0,21.0,13.0,0.0,0.0,0.0,0.0,0.0
81,81,3.0,5.0,129.0,174.0,165.0,0.0,0.0,0.0,0.0,0.0
82,82,3.0,0.0,136.0,153.0,134.0,0.0,0.0,0.0,0.0,0.0
83,83,3.0,0.0,75.0,72.0,77.0,0.0,0.0,0.0,0.0,0.0
84,84,0.0,1.0,129.0,99.0,62.0,1.0,0.0,0.0,0.0,1.0
85,85,2.0,1.0,161.0,164.0,166.0,0.0,0.0,0.0,0.0,0.0
86,86,0.0,6.0,67.0,50.0,52.0,0.0,0.0,0.0,0.0,0.0
87,87,3.0,9.0,112.0,103.0,102.0,0.0,0.0,0.0,0.0,0.0
88,88,3.0,3.0,162.0,90.0,138.0,0.0,0.0,0.0,0.0,0.0
89,89,3.0,5.0,104.0,128.0,132.0,1.0,0.0,0.0,1.0,0.0
90,90,3.0,1.0,135.0,130.0,132.0,0.0,0.0,0.0,0.0,0.0
91,91,3.0,8.0,155.0,132.0,120.0,0.0,0.0,0.0,0.0,0.0
92,92,3.0,3.0,154.0,107.0,92.0,0.0,0.0,0.0,0.0,0.0
93,93,3.0,1.0,110.0,97.0,98.0,0.0,0.0,0.0,0.0,0.0
94,94,3.0,1.0,0.0,0.0,0.0,1.0,1.0,0.0,0.0,0.0
95,95,3.0,1.0,0.0,0.0,0.0,1.0,0.0,0.0,0.0,1.0
96,96,3.0,3.0,99.0,38.0,20.0,0.0,0.0,0.0,0.0,0.0
97,97,0.0,2.0,156.0,149.0,145.0,0.0,0.0,0.0,0.0,0.0
98,98,3.0,0.0,164.0,153.0,109.0,1.0,0.0,0.0,0.0,1.0
99,99,3.0,4.0,36.0,9.0,10.0,0.0,0.0,0.0,0.0,0.0
100,100,2.0,7.0,98.0,94.0,89.0,1.0,1.0,0.0,0.0,0.0
101,100,3.0,2.0,98.0,94.0,89.0,1.0,1.0,0.0,0.0,0.0
102,101,2.0,0.0,26.0,22.0,22.0,1.0,0.0,0.0,0.0,1.0
103,102,3.0,5.0,160.0,173.0,196.0,0.0,0.0,0.0,0.0,0.0
104,103,3.0,5.0,142.0,146.0,136.0,0.0,0.0,0.0,0.0,0.0
105,104,0.0,4.0,38.0,60.0,70.0,0.0,0.0,0.0,0.0,0.0
106,105,3.0,1.0,137.0,81.0,93.0,0.0,0.0,0.0,0.0,0.0
107,106,3.0,2.0,131.0,117.0,126.0,0.0,0.0,0.0,0.0,0.0
108,107,3.0,3.0,55.0,44.0,28.0,1.0,0.0,1.0,0.0,0.0
109,108,3.0,9.0,80.0,73.0,70.0,0.0,0.0,0.0,0.0,0.0
110,109,3.0,1.0,203.0,182.0,174.0,0.0,0.0,0.0,0.0,0.0
111,110,3.0,1.0,112.0,144.0,125.0,0.0,0.0,0.0,0.0,0.0
112,111,3.0,1.0,0.0,0.0,0.0,0.0,0.0,0.0,0.0,0.0
113,112,3.0,4.0,194.0,200.0,209.0,0.0,0.0,0.0,0.0,0.0
114,113,3.0,5.0,104.0,100.0,73.0,0.0,0.0,0.0,0.0,0.0
115,114,3.0,3.0,76.0,66.0,58.0,0.0,0.0,0.0,0.0,0.0
116,115,2.0,1.0,133.0,126.0,132.0,0.0,0.0,0.0,0.0,0.0
117,116,3.0,0.0,0.0,0.0,0.0,0.0,0.0,0.0,0.0,0.0
118,117,1.0,1.0,182.0,164.0,137.0,0.0,0.0,0.0,0.0,0.0
119,118,3.0,1.0,86.0,108.0,129.0,0.0,0.0,0.0,0.0,0.0
120,119,3.0,2.0,115.0,123.0,130.0,0.0,0.0,0.0,0.0,0.0
121,120,3.0,1.0,27.0,21.0,18.0,0.0,0.0,0.0,0.0,0.0
122,121,3.0,1.0,38.0,53.0,61.0,1.0,0.0,0.0,0.0,1.0
123,122,3.0,15.0,158.0,104.0,93.0,1.0,1.0,0.0,0.0,0.0
124,123,0.0,4.0,159.0,129.0,121.0,1.0,0.0,1.0,1.0,0.0
125,124,3.0,0.0,128.0,104.0,82.0,0.0,0.0,0.0,0.0,0.0
126,125,3.0,6.0,55.0,78.0,96.0,0.0,0.0,0.0,0.0,0.0
127,126,3.0,0.0,145.0,108.0,88.0,0.0,0.0,0.0,0.0,0.0
128,127,3.0,1.0,54.0,53.0,70.0,1.0,0.0,0.0,0.0,1.0
129,128,0.0,6.0,81.0,73.0,56.0,0.0,0.0,0.0,0.0,0.0
130,129,3.0,3.0,0.0,0.0,0.0,1.0,1.0,0.0,0.0,0.0
131,130,3.0,3.0,99.0,49.0,52.0,0.0,0.0,0.0,0.0,0.0
132,131,3.0,3.0,98.0,82.0,61.0,0.0,0.0,0.0,0.0,0.0
133,132,3.0,1.0,0.0,0.0,0.0,0.0,0.0,0.0,0.0,0.0
134,133,0.0,7.0,183.0,168.0,166.0,0.0,0.0,0.0,0.0,0.0
135,134,0.0,2.0,53.0,53.0,66.0,0.0,0.0,0.0,0.0,0.0
136,135,3.0,11.0,78.0,94.0,108.0,0.0,0.0,0.0,0.0,0.0
137,136,3.0,3.0,84.0,99.0,126.0,0.0,0.0,0.0,0.0,0.0
138,137,3.0,5.0,91.0,35.0,27.0,1.0,1.0,0.0,0.0,0.0
139,138,3.0,1.0,44.0,56.0,77.0,0.0,0.0,0.0,0.0,0.0
140,139,0.0,5.0,218.0,217.0,214.0,0.0,0.0,0.0,0.0,0.0
141,140,3.0,4.0,136.0,68.0,88.0,0.0,0.0,0.0,0.0,0.0
142,141,3.0,0.0,43.0,38.0,44.0,0.0,0.0,0.0,0.0,0.0
143,142,3.0,2.0,116.0,61.0,35.0,0.0,0.0,0.0,0.0,0.0
144,143,3.0,6.0,100.0,98.0,113.0,0.0,0.0,0.0,0.0,0.0
145,144,3.0,3.0,31.0,25.0,33.0,0.0,0.0,0.0,0.0,0.0
146,145,3.0,0.0,33.0,49.0,74.0,0.0,0.0,0.0,0.0,0.0
147,146,3.0,0.0,62.0,123.0,137.0,0.0,0.0,0.0,0.0,0.0
148,147,2.0,3.0,136.0,101.0,96.0,0.0,0.0,0.0,0.0,0.0
149,148,3.0,1.0,115.0,23.0,13.0,0.0,0.0,0.0,0.0,0.0
150,149,3.0,1.0,0.0,0.0,0.0,0.0,0.0,0.0,0.0,0.0
151,150,3.0,6.0,108.0,86.0,71.0,0.0,0.0,0.0,0.0,0.0
152,151,3.0,1.0,128.0,120.0,114.0,0.0,0.0,0.0,0.0,0.0
153,152,3.0,2.0,0.0,0.0,0.0,0.0,0.0,0.0,0.0,0.0
154,153,3.0,5.0,0.0,0.0,0.0,0.0,0.0,0.0,0.0,0.0
155,154,3.0,0.0,128.0,83.0,89.0,0.0,0.0,0.0,0.0,0.0
156,155,3.0,4.0,0.0,0.0,0.0,0.0,0.0,0.0,0.0,0.0
157,156,0.0,7.0,76.0,139.0,166.0,0.0,0.0,0.0,0.0,0.0
158,157,0.0,54.0,114.0,81.0,73.0,0.0,0.0,0.0,0.0,0.0
159,158,0.0,1.0,52.0,43.0,45.0,1.0,0.0,0.0,0.0,1.0
160,159,3.0,9.0,79.0,63.0,46.0,0.0,0.0,0.0,0.0,0.0
161,160,3.0,1.0,68.0,68.0,69.0,0.0,0.0,0.0,0.0,0.0
162,161,0.0,3.0,96.0,83.0,75.0,0.0,0.0,0.0,0.0,0.0
163,162,0.0,2.0,46.0,21.0,20.0,0.0,0.0,0.0,0.0,0.0
164,163,3.0,0.0,187.0,180.0,160.0,1.0,0.0,0.0,0.0,1.0
165,164,0.0,3.0,81.0,71.0,70.0,1.0,1.0,0.0,0.0,0.0
166,165,3.0,9.0,0.0,0.0,0.0,0.0,0.0,0.0,0.0,0.0
167,166,3.0,1.0,178.0,181.0,182.0,0.0,0.0,0.0,0.0,0.0
168,167,3.0,1.0,0.0,0.0,0.0,0.0,0.0,0.0,0.0,0.0
169,168,3.0,4.0,50.0,54.0,97.0,0.0,0.0,0.0,0.0,0.0
170,169,3.0,5.0,116.0,89.0,89.0,0.0,0.0,0.0,0.0,0.0
171,170,3.0,3.0,92.0,99.0,101.0,0.0,0.0,0.0,0.0,0.0
172,171,0.0,0.0,88.0,124.0,120.0,0.0,0.0,0.0,0.0,0.0
173,172,3.0,5.0,112.0,83.0,69.0,0.0,0.0,0.0,0.0,0.0
174,173,3.0,3.0,120.0,72.0,44.0,0.0,0.0,0.0,0.0,0.0
175,174,3.0,7.0,150.0,117.0,95.0,0.0,0.0,0.0,0.0,0.0
176,175,3.0,1.0,0.0,0.0,0.0,0.0,0.0,0.0,0.0,0.0
177,176,3.0,2.0,0.0,0.0,0.0,0.0,0.0,0.0,0.0,0.0
178,177,3.0,2.0,105.0,106.0,110.0,0.0,0.0,0.0,0.0,0.0
179,178,3.0,1.0,71.0,66.0,91.0,0.0,0.0,0.0,0.0,0.0
180,179,3.0,1.0,75.0,52.0,86.0,1.0,0.0,1.0,0.0,0.0
181,180,3.0,5.0,0.0,0.0,0.0,0.0,0.0,0.0,0.0,0.0
182,181,3.0,3.0,206.0,168.0,89.0,0.0,0.0,0.0,0.0,0.0
183,182,3.0,8.0,88.0,89.0,81.0,1.0,0.0,0.0,0.0,1.0
184,183,1.0,0.0,32.0,38.0,59.0,0.0,0.0,0.0,0.0,0.0
185,184,3.0,1.0,0.0,0.0,0.0,0.0,0.0,0.0,0.0,0.0
186,185,0.0,0.0,67.0,54.0,47.0,1.0,0.0,0.0,1.0,0.0
187,186,3.0,6.0,91.0,55.0,85.0,0.0,0.0,0.0,0.0,0.0
188,187,3.0,13.0,49.0,61.0,60.0,1.0,0.0,0.0,0.0,1.0
189,188,2.0,0.0,70.0,26.0,11.0,0.0,0.0,0.0,0.0,0.0
190,189,3.0,1.0,43.0,43.0,43.0,0.0,0.0,0.0,0.0,0.0
191,189,3.0,4.0,43.0,43.0,43.0,0.0,0.0,0.0,0.0,0.0
192,190,3.0,1.0,108.0,85.0,61.0,0.0,0.0,0.0,0.0,0.0
193,191,3.0,25.0,0.0,0.0,0.0,0.0,0.0,0.0,0.0,0.0
194,192,3.0,8.0,0.0,0.0,0.0,1.0,1.0,0.0,1.0,0.0
195,193,3.0,9.0,110.0,102.0,99.0,0.0,0.0,0.0,0.0,0.0
196,194,3.0,7.0,0.0,0.0,0.0,0.0,0.0,0.0,0.0,0.0
197,195,3.0,10.0,0.0,0.0,0.0,0.0,0.0,0.0,0.0,0.0
198,196,3.0,0.0,89.0,83.0,87.0,0.0,0.0,0.0,0.0,0.0
199,197,3.0,2.0,68.0,60.0,55.0,0.0,0.0,0.0,0.0,0.0
200,198,3.0,1.0,99.0,92.0,92.0,0.0,0.0,0.0,0.0,0.0
201,199,3.0,0.0,100.0,124.0,113.0,0.0,0.0,0.0,0.0,0.0
202,200,3.0,0.0,126.0,104.0,73.0,1.0,0.0,0.0,0.0,1.0
203,201,3.0,2.0,80.0,32.0,31.0,0.0,0.0,0.0,0.0,0.0
204,202,3.0,3.0,173.0,153.0,104.0,1.0,1.0,0.0,0.0,0.0
205,203,1.0,1.0,40.0,32.0,33.0,1.0,0.0,1.0,0.0,0.0
206,204,3.0,1.0,40.0,39.0,40.0,1.0,0.0,1.0,0.0,0.0
207,205,3.0,2.0,135.0,109.0,93.0,0.0,0.0,0.0,0.0,0.0
208,206,3.0,3.0,147.0,137.0,121.0,0.0,0.0,0.0,0.0,0.0
209,207,3.0,8.0,32.0,28.0,32.0,0.0,0.0,0.0,0.0,0.0
210,208,3.0,8.0,43.0,31.0,34.0,0.0,0.0,0.0,0.0,0.0
211,208,3.0,0.0,43.0,31.0,34.0,0.0,0.0,0.0,0.0,0.0
212,208,3.0,3.0,43.0,31.0,34.0,0.0,0.0,0.0,0.0,0.0
213,209,3.0,6.0,0.0,0.0,0.0,0.0,0.0,0.0,0.0,0.0
214,210,3.0,10.0,66.0,58.0,59.0,1.0,0.0,0.0,0.0,1.0
215,211,3.0,4.0,53.0,62.0,86.0,0.0,0.0,0.0,0.0,0.0
216,212,3.0,0.0,47.0,46.0,49.0,0.0,0.0,0.0,0.0,0.0
217,213,3.0,2.0,94.0,92.0,89.0,1.0,0.0,0.0,0.0,1.0
218,214,3.0,3.0,94.0,86.0,72.0,0.0,0.0,0.0,0.0,0.0
219,215,3.0,0.0,81.0,67.0,36.0,0.0,0.0,0.0,0.0,0.0
220,216,3.0,0.0,157.0,157.0,157.0,0.0,0.0,0.0,0.0,0.0
221,217,3.0,2.0,83.0,90.0,84.0,1.0,0.0,0.0,0.0,1.0
222,218,3.0,4.0,148.0,127.0,94.0,0.0,0.0,0.0,0.0,0.0
223,219,3.0,3.0,0.0,0.0,0.0,0.0,0.0,0.0,0.0,0.0
224,220,3.0,0.0,66.0,52.0,47.0,0.0,0.0,0.0,0.0,0.0
225,221,0.0,1.0,68.0,78.0,83.0,1.0,0.0,0.0,0.0,1.0
226,222,3.0,3.0,0.0,0.0,0.0,0.0,0.0,0.0,0.0,0.0
227,223,3.0,0.0,142.0,87.0,50.0,0.0,0.0,0.0,0.0,0.0
228,224,3.0,0.0,31.0,59.0,92.0,0.0,0.0,0.0,0.0,0.0
229,225,3.0,1.0,85.0,106.0,127.0,0.0,0.0,0.0,0.0,0.0
230,226,3.0,2.0,123.0,114.0,107.0,1.0,1.0,0.0,0.0,0.0
231,227,3.0,8.0,138.0,104.0,100.0,1.0,1.0,0.0,0.0,1.0
232,228,1.0,1.0,99.0,80.0,47.0,0.0,0.0,0.0,0.0,0.0
233,229,0.0,0.0,100.0,98.0,84.0,1.0,0.0,0.0,0.0,1.0
234,230,3.0,0.0,100.0,100.0,93.0,0.0,0.0,0.0,0.0,0.0
235,231,3.0,0.0,61.0,46.0,37.0,0.0,0.0,0.0,0.0,0.0
236,232,3.0,8.0,50.0,60.0,80.0,0.0,0.0,0.0,0.0,0.0
237,233,3.0,2.0,0.0,0.0,0.0,1.0,0.0,0.0,0.0,1.0
238,234,3.0,1.0,134.0,143.0,147.0,0.0,0.0,0.0,0.0,0.0
239,235,3.0,1.0,129.0,131.0,142.0,0.0,0.0,0.0,0.0,0.0
240,236,3.0,0.0,165.0,165.0,167.0,1.0,0.0,0.0,0.0,1.0
241,237,3.0,1.0,0.0,0.0,0.0,0.0,0.0,0.0,0.0,0.0
242,238,3.0,2.0,75.0,68.0,85.0,0.0,0.0,0.0,0.0,0.0
243,239,3.0,1.0,117.0,89.0,61.0,0.0,0.0,0.0,0.0,0.0
244,240,3.0,3.0,69.0,35.0,27.0,1.0,1.0,0.0,0.0,0.0
245,241,3.0,7.0,0.0,0.0,0.0,0.0,0.0,0.0,0.0,0.0
246,242,3.0,0.0,0.0,0.0,0.0,1.0,0.0,0.0,0.0,1.0
247,243,3.0,1.0,108.0,127.0,131.0,0.0,0.0,0.0,0.0,0.0
248,244,1.0,0.0,134.0,105.0,84.0,0.0,0.0,0.0,0.0,0.0
249,245,3.0,17.0,121.0,135.0,124.0,0.0,0.0,0.0,0.0,0.0
250,246,3.0,5.0,34.0,83.0,125.0,0.0,0.0,0.0,0.0,0.0
251,247,2.0,5.0,49.0,44.0,43.0,1.0,0.0,0.0,0.0,1.0
252,248,3.0,9.0,36.0,30.0,29.0,0.0,0.0,0.0,0.0,0.0
253,249,3.0,1.0,72.0,78.0,92.0,0.0,0.0,0.0,0.0,0.0
254,250,3.0,3.0,199.0,164.0,164.0,0.0,0.0,0.0,0.0,0.0
255,251,3.0,0.0,203.0,189.0,187.0,0.0,0.0,0.0,0.0,0.0
256,252,3.0,0.0,123.0,85.0,64.0,0.0,0.0,0.0,0.0,0.0
257,253,3.0,2.0,50.0,74.0,78.0,1.0,1.0,0.0,0.0,0.0
258,254,3.0,2.0,43.0,38.0,41.0,1.0,0.0,1.0,0.0,0.0
259,255,3.0,3.0,51.0,46.0,59.0,0.0,0.0,0.0,0.0,0.0
260,256,3.0,1.0,150.0,146.0,153.0,0.0,0.0,0.0,0.0,0.0
261,257,1.0,3.0,102.0,96.0,74.0,0.0,0.0,0.0,0.0,0.0
262,258,3.0,2.0,25.0,40.0,45.0,1.0,1.0,0.0,0.0,0.0
263,259,0.0,1.0,122.0,153.0,190.0,1.0,1.0,0.0,0.0,0.0
264,260,3.0,4.0,123.0,98.0,123.0,0.0,0.0,0.0,0.0,0.0
265,261,3.0,1.0,162.0,125.0,117.0,0.0,0.0,0.0,0.0,0.0
266,262,3.0,0.0,179.0,176.0,181.0,0.0,0.0,0.0,0.0,0.0
267,263,3.0,8.0,121.0,111.0,116.0,0.0,0.0,0.0,0.0,0.0
268,264,3.0,8.0,0.0,0.0,0.0,0.0,0.0,0.0,0.0,0.0
269,265,3.0,2.0,51.0,58.0,77.0,0.0,0.0,0.0,0.0,0.0
270,266,3.0,8.0,72.0,61.0,55.0,0.0,0.0,0.0,0.0,0.0
271,267,3.0,3.0,63.0,75.0,85.0,0.0,0.0,0.0,0.0,0.0
272,268,3.0,1.0,44.0,56.0,65.0,0.0,0.0,0.0,0.0,0.0
273,269,3.0,6.0,110.0,114.0,86.0,0.0,0.0,0.0,0.0,0.0
274,270,3.0,4.0,66.0,55.0,59.0,1.0,1.0,0.0,1.0,0.0
275,271,3.0,1.0,97.0,83.0,62.0,0.0,0.0,0.0,0.0,0.0
276,272,3.0,0.0,0.0,0.0,0.0,1.0,0.0,0.0,0.0,1.0
277,273,3.0,3.0,157.0,152.0,161.0,0.0,0.0,0.0,0.0,0.0
278,274,3.0,5.0,184.0,178.0,173.0,0.0,0.0,0.0,0.0,0.0
279,275,3.0,2.0,133.0,138.0,122.0,1.0,0.0,0.0,0.0,1.0
280,276,3.0,2.0,64.0,56.0,40.0,0.0,0.0,0.0,0.0,0.0
281,277,3.0,1.0,0.0,0.0,0.0,0.0,0.0,0.0,0.0,0.0
282,278,3.0,0.0,100.0,119.0,127.0,0.0,0.0,0.0,0.0,0.0
283,279,3.0,14.0,112.0,78.0,60.0,0.0,0.0,0.0,0.0,0.0
284,280,3.0,1.0,94.0,82.0,57.0,0.0,0.0,0.0,0.0,0.0
285,281,3.0,2.0,88.0,75.0,69.0,0.0,0.0,0.0,0.0,0.0
286,282,3.0,11.0,39.0,63.0,80.0,0.0,0.0,0.0,0.0,0.0
287,283,3.0,1.0,78.0,69.0,62.0,0.0,0.0,0.0,0.0,0.0
288,284,3.0,0.0,83.0,78.0,70.0,0.0,0.0,0.0,0.0,0.0
289,285,3.0,1.0,0.0,0.0,0.0,0.0,0.0,0.0,0.0,0.0
290,286,3.0,4.0,131.0,96.0,82.0,1.0,0.0,0.0,0.0,1.0
291,287,3.0,6.0,199.0,182.0,174.0,0.0,0.0,0.0,0.0,0.0
292,288,0.0,0.0,149.0,106.0,72.0,0.0,0.0,0.0,0.0,0.0
293,289,3.0,1.0,36.0,96.0,133.0,0.0,0.0,0.0,0.0,0.0
294,290,3.0,2.0,66.0,35.0,38.0,0.0,0.0,0.0,0.0,0.0
295,291,3.0,1.0,143.0,175.0,173.0,1.0,1.0,0.0,0.0,0.0
296,292,3.0,3.0,86.0,71.0,41.0,0.0,0.0,0.0,0.0,0.0
297,293,3.0,1.0,63.0,54.0,40.0,0.0,0.0,0.0,0.0,0.0
298,294,3.0,6.0,0.0,0.0,0.0,1.0,0.0,0.0,0.0,1.0
299,295,3.0,0.0,42.0,56.0,59.0,0.0,0.0,0.0,0.0,0.0
300,296,3.0,8.0,107.0,91.0,75.0,1.0,0.0,0.0,0.0,1.0
301,296,3.0,19.0,107.0,91.0,75.0,1.0,0.0,0.0,0.0,1.0
302,297,3.0,6.0,0.0,0.0,0.0,0.0,0.0,0.0,0.0,0.0
303,298,3.0,7.0,0.0,0.0,0.0,0.0,0.0,0.0,0.0,0.0
304,299,3.0,3.0,101.0,83.0,69.0,0.0,0.0,0.0,0.0,0.0
305,300,3.0,5.0,126.0,112.0,79.0,0.0,0.0,0.0,0.0,0.0
306,301,3.0,1.0,0.0,0.0,0.0,0.0,0.0,0.0,0.0,0.0
307,302,3.0,2.0,0.0,0.0,0.0,0.0,0.0,0.0,0.0,0.0
308,303,3.0,4.0,110.0,96.0,101.0,0.0,0.0,0.0,0.0,0.0
309,304,3.0,1.0,138.0,111.0,82.0,0.0,0.0,0.0,0.0,0.0
310,305,3.0,0.0,71.0,67.0,68.0,0.0,0.0,0.0,0.0,0.0
311,306,3.0,1.0,83.0,82.0,75.0,0.0,0.0,0.0,0.0,0.0
312,307,3.0,2.0,107.0,82.0,65.0,0.0,0.0,0.0,0.0,0.0
313,308,3.0,3.0,0.0,0.0,0.0,1.0,1.0,0.0,0.0,0.0
314,309,3.0,5.0,0.0,0.0,0.0,0.0,0.0,0.0,0.0,0.0
315,310,3.0,1.0,66.0,41.0,61.0,0.0,0.0,0.0,0.0,0.0
316,311,3.0,3.0,38.0,56.0,85.0,0.0,0.0,0.0,0.0,0.0
317,312,3.0,6.0,0.0,0.0,0.0,0.0,0.0,0.0,0.0,0.0
318,313,3.0,6.0,39.0,45.0,68.0,0.0,0.0,0.0,0.0,0.0
319,314,3.0,1.0,185.0,163.0,148.0,0.0,0.0,0.0,0.0,0.0
320,315,3.0,3.0,93.0,69.0,24.0,0.0,0.0,0.0,0.0,0.0
321,316,0.0,0.0,76.0,68.0,62.0,0.0,0.0,0.0,0.0,0.0
322,317,2.0,0.0,105.0,78.0,101.0,0.0,0.0,0.0,0.0,0.0
323,318,3.0,11.0,168.0,145.0,128.0,0.0,0.0,0.0,0.0,0.0
324,319,3.0,2.0,225.0,163.0,152.0,0.0,0.0,0.0,0.0,0.0
325,320,3.0,1.0,21.0,21.0,21.0,0.0,0.0,0.0,0.0,0.0
326,321,3.0,6.0,73.0,75.0,123.0,0.0,0.0,0.0,0.0,0.0
327,322,3.0,1.0,151.0,100.0,78.0,0.0,0.0,0.0,0.0,0.0
328,323,3.0,8.0,189.0,190.0,185.0,0.0,0.0,0.0,0.0,0.0
329,324,3.0,1.0,64.0,72.0,84.0,1.0,0.0,0.0,0.0,1.0
330,325,3.0,1.0,0.0,0.0,0.0,0.0,0.0,0.0,0.0,0.0
331,326,3.0,8.0,41.0,56.0,68.0,0.0,0.0,0.0,0.0,0.0
332,327,3.0,1.0,107.0,77.0,69.0,1.0,0.0,1.0,0.0,0.0
333,328,3.0,7.0,62.0,59.0,70.0,1.0,1.0,0.0,0.0,0.0
334,329,0.0,1.0,100.0,105.0,109.0,0.0,0.0,0.0,0.0,0.0
335,330,3.0,7.0,63.0,56.0,41.0,0.0,0.0,0.0,0.0,0.0
336,331,3.0,0.0,153.0,142.0,162.0,0.0,0.0,0.0,0.0,0.0
337,332,3.0,4.0,64.0,49.0,50.0,1.0,0.0,0.0,0.0,1.0
338,333,3.0,1.0,103.0,94.0,78.0,0.0,0.0,0.0,0.0,0.0
339,334,3.0,1.0,116.0,116.0,97.0,0.0,0.0,0.0,0.0,0.0
340,335,3.0,1.0,81.0,93.0,94.0,0.0,0.0,0.0,0.0,0.0
341,336,3.0,3.0,41.0,34.0,38.0,0.0,0.0,0.0,0.0,0.0
342,337,3.0,1.0,0.0,0.0,0.0,0.0,0.0,0.0,0.0,0.0
343,338,3.0,2.0,0.0,0.0,0.0,0.0,0.0,0.0,0.0,0.0
344,339,3.0,3.0,184.0,133.0,137.0,0.0,0.0,0.0,0.0,0.0
345,340,3.0,0.0,48.0,68.0,71.0,0.0,0.0,0.0,0.0,0.0
346,341,3.0,0.0,0.0,0.0,0.0,1.0,0.0,0.0,0.0,1.0
347,342,3.0,1.0,115.0,37.0,94.0,0.0,0.0,0.0,0.0,0.0
348,343,3.0,9.0,80.0,75.0,73.0,0.0,0.0,0.0,0.0,0.0
349,344,3.0,4.0,88.0,100.0,109.0,0.0,0.0,0.0,0.0,0.0
350,345,3.0,0.0,96.0,49.0,48.0,0.0,0.0,0.0,0.0,0.0
351,345,3.0,7.0,96.0,49.0,48.0,0.0,0.0,0.0,0.0,0.0
352,346,3.0,0.0,133.0,93.0,42.0,0.0,0.0,0.0,0.0,0.0
353,347,3.0,1.0,0.0,0.0,0.0,0.0,0.0,0.0,0.0,0.0
354,348,2.0,5.0,109.0,139.0,148.0,1.0,0.0,0.0,0.0,1.0
355,349,2.0,0.0,143.0,119.0,115.0,0.0,0.0,0.0,0.0,0.0
356,350,3.0,2.0,38.0,33.0,34.0,0.0,0.0,0.0,0.0,0.0
357,351,1.0,2.0,92.0,82.0,81.0,0.0,0.0,0.0,0.0,0.0
358,352,3.0,1.0,106.0,72.0,48.0,0.0,0.0,0.0,0.0,0.0
359,353,0.0,1.0,142.0,96.0,59.0,0.0,0.0,0.0,0.0,0.0
360,354,3.0,2.0,56.0,78.0,91.0,0.0,0.0,0.0,0.0,0.0
361,355,3.0,3.0,137.0,128.0,114.0,0.0,0.0,0.0,0.0,0.0
362,356,3.0,0.0,169.0,163.0,143.0,1.0,0.0,0.0,0.0,1.0
363,357,3.0,2.0,107.0,107.0,88.0,0.0,0.0,0.0,0.0,0.0
364,358,3.0,3.0,123.0,126.0,134.0,0.0,0.0,0.0,0.0,0.0
365,359,3.0,12.0,0.0,0.0,0.0,1.0,0.0,0.0,0.0,1.0
366,360,3.0,1.0,142.0,130.0,124.0,0.0,0.0,0.0,0.0,0.0
367,361,3.0,0.0,73.0,70.0,69.0,0.0,0.0,0.0,0.0,0.0
368,362,3.0,0.0,144.0,124.0,100.0,1.0,0.0,0.0,0.0,1.0
369,363,3.0,2.0,164.0,147.0,146.0,0.0,0.0,0.0,0.0,0.0
370,364,3.0,0.0,112.0,91.0,74.0,0.0,0.0,0.0,0.0,0.0
371,365,2.0,4.0,82.0,83.0,72.0,0.0,0.0,0.0,0.0,0.0
372,366,3.0,2.0,150.0,70.0,31.0,1.0,0.0,0.0,0.0,1.0
373,367,3.0,0.0,28.0,39.0,45.0,0.0,0.0,0.0,0.0,0.0
374,368,3.0,0.0,105.0,92.0,88.0,0.0,0.0,0.0,0.0,0.0
375,369,3.0,5.0,78.0,67.0,61.0,0.0,0.0,0.0,0.0,0.0
376,370,3.0,1.0,56.0,77.0,75.0,0.0,0.0,0.0,0.0,0.0
377,371,3.0,2.0,0.0,0.0,0.0,1.0,0.0,0.0,0.0,1.0
378,372,0.0,1.0,132.0,122.0,123.0,0.0,0.0,0.0,0.0,0.0
379,372,3.0,0.0,132.0,122.0,123.0,0.0,0.0,0.0,0.0,0.0
380,373,3.0,4.0,183.0,161.0,139.0,0.0,0.0,0.0,0.0,0.0
381,374,3.0,3.0,0.0,0.0,0.0,1.0,0.0,1.0,0.0,0.0
382,375,2.0,1.0,102.0,84.0,68.0,0.0,0.0,0.0,0.0,0.0
383,376,3.0,24.0,198.0,136.0,116.0,0.0,0.0,0.0,0.0,0.0
384,377,3.0,1.0,95.0,84.0,79.0,0.0,0.0,0.0,0.0,0.0
385,378,3.0,3.0,181.0,169.0,155.0,0.0,0.0,0.0,0.0,0.0
386,379,3.0,5.0,0.0,0.0,0.0,1.0,0.0,0.0,0.0,1.0
387,380,3.0,2.0,189.0,177.0,177.0,0.0,0.0,0.0,0.0,0.0
388,381,3.0,0.0,105.0,80.0,60.0,0.0,0.0,0.0,0.0,0.0
389,382,3.0,21.0,0.0,0.0,0.0,0.0,0.0,0.0,0.0,0.0
390,383,3.0,0.0,90.0,92.0,89.0,0.0,0.0,0.0,0.0,0.0
391,384,3.0,7.0,0.0,0.0,0.0,0.0,0.0,0.0,0.0,0.0
392,385,3.0,0.0,123.0,149.0,129.0,0.0,0.0,0.0,0.0,0.0
393,386,3.0,1.0,19.0,23.0,17.0,0.0,0.0,0.0,0.0,0.0
394,387,3.0,4.0,0.0,0.0,0.0,0.0,0.0,0.0,0.0,0.0
395,388,3.0,0.0,58.0,34.0,30.0,0.0,0.0,0.0,0.0,0.0
396,389,3.0,2.0,36.0,36.0,45.0,0.0,0.0,0.0,0.0,0.0
397,390,3.0,4.0,180.0,157.0,144.0,0.0,0.0,0.0,0.0,0.0
398,391,3.0,2.0,65.0,113.0,154.0,0.0,0.0,0.0,0.0,0.0
399,392,3.0,1.0,120.0,107.0,97.0,0.0,0.0,0.0,0.0,0.0
400,393,3.0,0.0,107.0,86.0,79.0,1.0,0.0,1.0,0.0,0.0
401,394,3.0,1.0,121.0,166.0,186.0,0.0,0.0,0.0,0.0,0.0
402,395,3.0,3.0,84.0,78.0,81.0,0.0,0.0,0.0,0.0,0.0
403,396,3.0,2.0,141.0,29.0,22.0,0.0,0.0,0.0,0.0,0.0
404,397,3.0,0.0,90.0,53.0,51.0,0.0,0.0,0.0,0.0,0.0
405,398,0.0,4.0,111.0,125.0,139.0,0.0,0.0,0.0,0.0,0.0
406,399,3.0,11.0,165.0,145.0,162.0,0.0,0.0,0.0,0.0,0.0
407,400,3.0,0.0,84.0,101.0,142.0,0.0,0.0,0.0,0.0,0.0
408,401,3.0,14.0,128.0,125.0,140.0,0.0,0.0,0.0,0.0,0.0
409,402,3.0,1.0,66.0,85.0,89.0,0.0,0.0,0.0,0.0,0.0
410,403,3.0,5.0,100.0,115.0,126.0,1.0,1.0,0.0,0.0,0.0
411,404,3.0,4.0,231.0,209.0,205.0,0.0,0.0,0.0,0.0,0.0
412,405,3.0,0.0,76.0,60.0,38.0,0.0,0.0,0.0,0.0,0.0
413,406,3.0,0.0,0.0,0.0,0.0,0.0,0.0,0.0,0.0,0.0
414,407,3.0,0.0,48.0,47.0,52.0,0.0,0.0,0.0,0.0,0.0
415,408,3.0,0.0,92.0,94.0,88.0,1.0,0.0,0.0,0.0,1.0
416,409,3.0,1.0,85.0,131.0,165.0,0.0,0.0,0.0,0.0,0.0
417,410,3.0,0.0,84.0,62.0,52.0,0.0,0.0,0.0,0.0,0.0
418,411,3.0,0.0,86.0,47.0,35.0,0.0,0.0,0.0,0.0,0.0
419,412,3.0,1.0,63.0,91.0,107.0,0.0,0.0,0.0,0.0,0.0
420,413,3.0,1.0,40.0,61.0,72.0,0.0,0.0,0.0,0.0,0.0
421,414,3.0,5.0,28.0,70.0,96.0,0.0,0.0,0.0,0.0,0.0
422,415,3.0,2.0,175.0,163.0,144.0,0.0,0.0,0.0,0.0,0.0
423,416,3.0,1.0,62.0,72.0,122.0,0.0,0.0,0.0,0.0,0.0
424,417,3.0,1.0,0.0,0.0,0.0,1.0,0.0,0.0,0.0,1.0
425,418,3.0,2.0,56.0,63.0,82.0,0.0,0.0,0.0,0.0,0.0
426,419,3.0,1.0,100.0,88.0,77.0,0.0,0.0,0.0,0.0,0.0
427,420,3.0,8.0,201.0,151.0,95.0,0.0,0.0,0.0,0.0,0.0
428,421,3.0,0.0,103.0,96.0,100.0,1.0,1.0,0.0,0.0,0.0
429,422,3.0,1.0,175.0,177.0,185.0,1.0,0.0,0.0,0.0,1.0
430,423,3.0,2.0,49.0,53.0,66.0,0.0,0.0,0.0,0.0,0.0
431,424,3.0,1.0,105.0,87.0,70.0,0.0,0.0,0.0,0.0,0.0
432,425,3.0,0.0,149.0,126.0,113.0,0.0,0.0,0.0,0.0,0.0
433,426,3.0,3.0,105.0,68.0,64.0,0.0,0.0,0.0,0.0,0.0
434,427,3.0,0.0,70.0,42.0,23.0,1.0,0.0,0.0,0.0,1.0
435,428,3.0,0.0,102.0,105.0,97.0,0.0,0.0,0.0,0.0,0.0
436,429,3.0,0.0,28.0,32.0,38.0,0.0,0.0,0.0,0.0,0.0
437,430,3.0,4.0,27.0,41.0,56.0,0.0,0.0,0.0,0.0,0.0
438,431,3.0,1.0,85.0,86.0,88.0,0.0,0.0,0.0,0.0,0.0
439,432,3.0,5.0,0.0,0.0,0.0,0.0,0.0,0.0,0.0,0.0
440,433,3.0,1.0,141.0,92.0,89.0,1.0,1.0,0.0,0.0,0.0
441,434,3.0,2.0,131.0,130.0,124.0,0.0,0.0,0.0,0.0,0.0
442,435,3.0,6.0,105.0,69.0,64.0,0.0,0.0,0.0,0.0,0.0
443,436,3.0,0.0,57.0,57.0,60.0,0.0,0.0,0.0,0.0,0.0
444,437,3.0,1.0,0.0,0.0,0.0,1.0,0.0,0.0,0.0,1.0
445,438,3.0,7.0,90.0,89.0,89.0,0.0,0.0,0.0,0.0,0.0
446,439,3.0,3.0,112.0,100.0,107.0,0.0,0.0,0.0,0.0,0.0
447,440,3.0,0.0,51.0,75.0,68.0,0.0,0.0,0.0,0.0,0.0
448,441,3.0,1.0,83.0,106.0,105.0,1.0,0.0,1.0,0.0,0.0
449,442,3.0,1.0,157.0,122.0,103.0,1.0,0.0,1.0,0.0,0.0
450,443,3.0,1.0,22.0,32.0,30.0,0.0,0.0,0.0,0.0,0.0
451,444,3.0,2.0,50.0,37.0,38.0,0.0,0.0,0.0,0.0,0.0
452,444,3.0,4.0,50.0,37.0,38.0,0.0,0.0,0.0,0.0,0.0
453,444,3.0,4.0,50.0,37.0,38.0,0.0,0.0,0.0,0.0,0.0
454,445,3.0,5.0,142.0,128.0,117.0,0.0,0.0,0.0,0.0,0.0
455,446,3.0,1.0,0.0,0.0,0.0,0.0,0.0,0.0,0.0,0.0
456,447,3.0,6.0,0.0,0.0,0.0,1.0,0.0,0.0,0.0,1.0
457,448,3.0,11.0,19.0,70.0,116.0,0.0,0.0,0.0,0.0,0.0
458,449,2.0,6.0,189.0,121.0,38.0,0.0,0.0,0.0,0.0,0.0
459,450,3.0,2.0,72.0,50.0,49.0,0.0,0.0,0.0,0.0,0.0
460,451,3.0,4.0,131.0,117.0,79.0,0.0,0.0,0.0,0.0,0.0
461,452,0.0,10.0,75.0,76.0,108.0,0.0,0.0,0.0,0.0,0.0
462,453,3.0,2.0,68.0,61.0,59.0,0.0,0.0,0.0,0.0,0.0
463,454,3.0,4.0,77.0,60.0,53.0,0.0,0.0,0.0,0.0,0.0
464,455,3.0,1.0,62.0,64.0,61.0,0.0,0.0,0.0,0.0,0.0
465,456,3.0,1.0,103.0,79.0,72.0,0.0,0.0,0.0,0.0,0.0
466,457,3.0,25.0,123.0,125.0,138.0,0.0,0.0,0.0,0.0,0.0
467,458,3.0,22.0,104.0,137.0,137.0,0.0,0.0,0.0,0.0,0.0
468,459,3.0,8.0,63.0,35.0,37.0,0.0,0.0,0.0,0.0,0.0
469,459,3.0,1.0,63.0,35.0,37.0,0.0,0.0,0.0,0.0,0.0
470,460,3.0,12.0,93.0,72.0,68.0,0.0,0.0,0.0,0.0,0.0
471,461,3.0,1.0,17.0,16.0,22.0,0.0,0.0,0.0,0.0,0.0
472,462,3.0,2.0,0.0,0.0,0.0,0.0,0.0,0.0,0.0,0.0
473,463,3.0,2.0,104.0,148.0,141.0,1.0,0.0,0.0,0.0,1.0
474,464,3.0,5.0,0.0,0.0,0.0,0.0,0.0,0.0,0.0,0.0
475,464,3.0,4.0,0.0,0.0,0.0,0.0,0.0,0.0,0.0,0.0
476,465,3.0,2.0,101.0,70.0,49.0,0.0,0.0,0.0,0.0,0.0
477,466,1.0,0.0,23.0,36.0,36.0,0.0,0.0,0.0,0.0,0.0
478,467,3.0,0.0,119.0,92.0,84.0,0.0,0.0,0.0,0.0,0.0
479,468,3.0,3.0,90.0,61.0,67.0,0.0,0.0,0.0,0.0,0.0
480,469,3.0,8.0,109.0,28.0,36.0,0.0,0.0,0.0,0.0,0.0
481,470,3.0,1.0,161.0,161.0,157.0,0.0,0.0,0.0,0.0,0.0
482,471,3.0,0.0,74.0,62.0,97.0,0.0,0.0,0.0,0.0,0.0
483,472,2.0,3.0,175.0,122.0,39.0,0.0,0.0,0.0,0.0,0.0
484,473,3.0,3.0,36.0,67.0,57.0,0.0,0.0,0.0,0.0,0.0
485,474,3.0,3.0,64.0,78.0,86.0,0.0,0.0,0.0,0.0,0.0
486,475,1.0,4.0,157.0,111.0,117.0,0.0,0.0,0.0,0.0,0.0
487,476,3.0,1.0,109.0,99.0,118.0,0.0,0.0,0.0,0.0,0.0
488,477,3.0,0.0,0.0,0.0,0.0,0.0,0.0,0.0,0.0,0.0
489,478,3.0,1.0,69.0,69.0,61.0,0.0,0.0,0.0,0.0,0.0
490,479,3.0,8.0,0.0,0.0,0.0,0.0,0.0,0.0,0.0,0.0
491,480,3.0,0.0,117.0,145.0,112.0,0.0,0.0,0.0,0.0,0.0
492,481,3.0,2.0,62.0,75.0,59.0,0.0,0.0,0.0,0.0,0.0
493,482,3.0,3.0,110.0,114.0,131.0,0.0,0.0,0.0,0.0,0.0
494,483,3.0,5.0,137.0,151.0,171.0,0.0,0.0,0.0,0.0,0.0
495,483,3.0,0.0,137.0,151.0,171.0,0.0,0.0,0.0,0.0,0.0
496,483,3.0,0.0,137.0,151.0,171.0,0.0,0.0,0.0,0.0,0.0
497,484,3.0,2.0,104.0,69.0,65.0,0.0,0.0,0.0,0.0,0.0
498,485,3.0,1.0,87.0,58.0,33.0,0.0,0.0,0.0,0.0,0.0
499,486,3.0,1.0,109.0,85.0,65.0,0.0,0.0,0.0,0.0,0.0
500,487,3.0,3.0,58.0,54.0,50.0,0.0,0.0,0.0,0.0,0.0
501,488,3.0,1.0,111.0,112.0,112.0,1.0,0.0,0.0,0.0,1.0
502,489,3.0,2.0,64.0,82.0,86.0,0.0,0.0,0.0,0.0,0.0
503,490,3.0,1.0,52.0,35.0,83.0,0.0,0.0,0.0,0.0,0.0
504,491,3.0,4.0,0.0,0.0,0.0,0.0,0.0,0.0,0.0,0.0
505,492,3.0,6.0,84.0,86.0,65.0,0.0,0.0,0.0,0.0,0.0
506,493,3.0,4.0,85.0,93.0,95.0,0.0,0.0,0.0,0.0,0.0
507,494,3.0,2.0,0.0,0.0,0.0,0.0,0.0,0.0,0.0,0.0
508,495,3.0,0.0,0.0,0.0,0.0,0.0,0.0,0.0,0.0,0.0
509,496,3.0,2.0,0.0,0.0,0.0,1.0,0.0,0.0,0.0,1.0
510,497,3.0,7.0,67.0,73.0,70.0,0.0,0.0,0.0,0.0,0.0
511,498,3.0,2.0,53.0,53.0,52.0,0.0,0.0,0.0,0.0,0.0
512,499,3.0,2.0,111.0,30.0,23.0,0.0,0.0,0.0,0.0,0.0
513,500,3.0,0.0,86.0,76.0,74.0,1.0,0.0,0.0,0.0,1.0
514,501,3.0,2.0,0.0,0.0,0.0,0.0,0.0,0.0,0.0,0.0
515,502,3.0,0.0,0.0,0.0,0.0,0.0,0.0,0.0,0.0,0.0
516,503,3.0,0.0,83.0,68.0,63.0,0.0,0.0,0.0,0.0,0.0
517,504,3.0,11.0,49.0,46.0,31.0,0.0,0.0,0.0,0.0,0.0
518,505,3.0,0.0,0.0,0.0,0.0,0.0,0.0,0.0,0.0,0.0
519,506,3.0,2.0,54.0,54.0,53.0,0.0,0.0,0.0,0.0,0.0
520,507,3.0,3.0,129.0,55.0,95.0,0.0,0.0,0.0,0.0,0.0
521,508,3.0,2.0,82.0,73.0,62.0,0.0,0.0,0.0,0.0,0.0
522,509,3.0,2.0,60.0,46.0,40.0,0.0,0.0,0.0,0.0,0.0
523,510,3.0,0.0,0.0,0.0,0.0,0.0,0.0,0.0,0.0,0.0
524,510,3.0,1.0,0.0,0.0,0.0,0.0,0.0,0.0,0.0,0.0
525,511,3.0,1.0,0.0,0.0,0.0,0.0,0.0,0.0,0.0,0.0
526,512,2.0,5.0,194.0,186.0,180.0,1.0,0.0,0.0,1.0,0.0
527,513,0.0,7.0,15.0,9.0,7.0,0.0,0.0,0.0,0.0,0.0
528,514,3.0,2.0,0.0,0.0,0.0,0.0,0.0,0.0,0.0,0.0
529,515,3.0,0.0,173.0,133.0,93.0,0.0,0.0,0.0,0.0,0.0
530,516,3.0,8.0,168.0,168.0,168.0,0.0,0.0,0.0,0.0,0.0
531,517,3.0,14.0,68.0,71.0,76.0,0.0,0.0,0.0,0.0,0.0
532,518,3.0,3.0,66.0,66.0,57.0,0.0,0.0,0.0,0.0,0.0
533,519,3.0,0.0,82.0,80.0,82.0,0.0,0.0,0.0,0.0,0.0
534,520,3.0,2.0,99.0,96.0,89.0,0.0,0.0,0.0,0.0,0.0
535,521,3.0,6.0,0.0,0.0,0.0,0.0,0.0,0.0,0.0,0.0
536,522,3.0,3.0,116.0,102.0,100.0,0.0,0.0,0.0,0.0,0.0
537,523,3.0,2.0,38.0,44.0,58.0,0.0,0.0,0.0,0.0,0.0
538,524,3.0,6.0,99.0,79.0,88.0,0.0,0.0,0.0,0.0,0.0
539,525,3.0,15.0,180.0,168.0,167.0,0.0,0.0,0.0,0.0,0.0
540,526,0.0,0.0,132.0,126.0,123.0,0.0,0.0,0.0,0.0,0.0
541,526,3.0,14.0,132.0,126.0,123.0,0.0,0.0,0.0,0.0,0.0
542,527,1.0,4.0,117.0,120.0,148.0,0.0,0.0,0.0,0.0,0.0
543,528,3.0,5.0,52.0,74.0,66.0,0.0,0.0,0.0,0.0,0.0
544,529,0.0,2.0,108.0,128.0,122.0,1.0,1.0,0.0,1.0,0.0
545,530,3.0,10.0,116.0,87.0,51.0,0.0,0.0,0.0,0.0,0.0
546,531,3.0,2.0,42.0,52.0,62.0,0.0,0.0,0.0,0.0,0.0
547,532,3.0,0.0,53.0,48.0,43.0,0.0,0.0,0.0,0.0,0.0
548,533,3.0,1.0,40.0,42.0,55.0,0.0,0.0,0.0,0.0,0.0
549,534,3.0,1.0,106.0,84.0,61.0,0.0,0.0,0.0,0.0,0.0
550,535,3.0,18.0,100.0,95.0,102.0,1.0,1.0,0.0,0.0,0.0
551,536,3.0,6.0,188.0,185.0,176.0,0.0,0.0,0.0,0.0,0.0
552,537,3.0,2.0,163.0,163.0,124.0,0.0,0.0,0.0,0.0,0.0
553,538,3.0,2.0,69.0,132.0,183.0,0.0,0.0,0.0,0.0,0.0
554,539,3.0,1.0,104.0,80.0,68.0,0.0,0.0,0.0,0.0,0.0
555,540,3.0,7.0,145.0,145.0,152.0,0.0,0.0,0.0,0.0,0.0
556,541,3.0,17.0,59.0,45.0,40.0,0.0,0.0,0.0,0.0,0.0
557,541,3.0,2.0,59.0,45.0,40.0,0.0,0.0,0.0,0.0,0.0
558,542,3.0,2.0,93.0,78.0,62.0,0.0,0.0,0.0,0.0,0.0
559,543,3.0,2.0,126.0,130.0,149.0,0.0,0.0,0.0,0.0,0.0
560,544,0.0,1.0,80.0,70.0,59.0,0.0,0.0,0.0,0.0,0.0
561,545,3.0,5.0,151.0,149.0,147.0,0.0,0.0,0.0,0.0,0.0
562,546,3.0,1.0,78.0,60.0,49.0,0.0,0.0,0.0,0.0,0.0
563,547,1.0,3.0,124.0,145.0,141.0,0.0,0.0,0.0,0.0,0.0
564,548,0.0,3.0,125.0,127.0,137.0,0.0,0.0,0.0,0.0,0.0
565,549,3.0,2.0,0.0,0.0,0.0,0.0,0.0,0.0,0.0,0.0
566,550,0.0,7.0,80.0,67.0,64.0,0.0,0.0,0.0,0.0,0.0
567,551,0.0,3.0,120.0,139.0,158.0,0.0,0.0,0.0,0.0,0.0
568,552,3.0,1.0,126.0,111.0,98.0,0.0,0.0,0.0,0.0,0.0
569,553,3.0,6.0,219.0,185.0,188.0,1.0,1.0,0.0,0.0,0.0
570,554,3.0,2.0,24.0,23.0,23.0,0.0,0.0,0.0,0.0,0.0
571,555,3.0,12.0,233.0,199.0,204.0,0.0,0.0,0.0,0.0,0.0
572,556,3.0,0.0,104.0,62.0,56.0,0.0,0.0,0.0,0.0,0.0
573,557,0.0,2.0,65.0,76.0,84.0,0.0,0.0,0.0,0.0,0.0
574,558,0.0,6.0,201.0,184.0,174.0,0.0,0.0,0.0,0.0,0.0
575,559,3.0,0.0,110.0,43.0,29.0,0.0,0.0,0.0,0.0,0.0
576,560,3.0,5.0,183.0,183.0,175.0,0.0,0.0,0.0,0.0,0.0
577,561,0.0,5.0,104.0,90.0,78.0,0.0,0.0,0.0,0.0,0.0
578,562,0.0,1.0,120.0,91.0,67.0,0.0,0.0,0.0,0.0,0.0
579,563,0.0,1.0,126.0,109.0,84.0,0.0,0.0,0.0,0.0,0.0
580,564,3.0,1.0,0.0,0.0,0.0,0.0,0.0,0.0,0.0,0.0
581,565,3.0,8.0,0.0,0.0,0.0,0.0,0.0,0.0,0.0,0.0
582,566,0.0,3.0,188.0,173.0,109.0,0.0,0.0,0.0,0.0,0.0
583,567,3.0,3.0,179.0,173.0,174.0,1.0,0.0,0.0,0.0,1.0
584,568,3.0,2.0,158.0,127.0,112.0,0.0,0.0,0.0,0.0,0.0
585,569,3.0,7.0,96.0,85.0,84.0,0.0,0.0,0.0,0.0,0.0
586,570,0.0,4.0,199.0,141.0,115.0,0.0,0.0,0.0,0.0,0.0
587,571,0.0,0.0,117.0,146.0,152.0,0.0,0.0,0.0,0.0,0.0
588,572,3.0,3.0,82.0,72.0,85.0,0.0,0.0,0.0,0.0,0.0
589,573,3.0,8.0,198.0,173.0,154.0,0.0,0.0,0.0,0.0,0.0
590,574,3.0,0.0,48.0,46.0,67.0,0.0,0.0,0.0,0.0,0.0
591,575,3.0,8.0,147.0,140.0,136.0,0.0,0.0,0.0,0.0,0.0
592,576,3.0,7.0,36.0,23.0,24.0,0.0,0.0,0.0,0.0,0.0
593,577,3.0,0.0,145.0,143.0,141.0,0.0,0.0,0.0,0.0,0.0
594,578,2.0,4.0,18.0,27.0,32.0,0.0,0.0,0.0,0.0,0.0
595,579,3.0,1.0,70.0,76.0,86.0,0.0,0.0,0.0,0.0,0.0
596,580,3.0,0.0,0.0,0.0,0.0,0.0,0.0,0.0,0.0,0.0
597,581,0.0,3.0,92.0,95.0,84.0,0.0,0.0,0.0,0.0,0.0
598,582,3.0,7.0,0.0,0.0,0.0,1.0,1.0,0.0,0.0,0.0
599,583,3.0,12.0,188.0,144.0,123.0,0.0,0.0,0.0,0.0,0.0
600,584,1.0,1.0,43.0,42.0,42.0,1.0,1.0,0.0,0.0,0.0
601,585,0.0,2.0,78.0,65.0,44.0,0.0,0.0,0.0,0.0,0.0
602,586,3.0,3.0,92.0,98.0,129.0,0.0,0.0,0.0,0.0,0.0
603,587,3.0,3.0,56.0,37.0,44.0,0.0,0.0,0.0,0.0,0.0
604,588,1.0,10.0,135.0,131.0,146.0,0.0,0.0,0.0,0.0,0.0
605,589,0.0,5.0,48.0,60.0,54.0,0.0,0.0,0.0,0.0,0.0
606,589,3.0,2.0,48.0,60.0,54.0,0.0,0.0,0.0,0.0,0.0
607,590,0.0,1.0,150.0,150.0,150.0,0.0,0.0,0.0,0.0,0.0
608,591,0.0,2.0,94.0,79.0,68.0,0.0,0.0,0.0,0.0,0.0
609,592,0.0,4.0,143.0,139.0,128.0,0.0,0.0,0.0,0.0,0.0
610,593,3.0,2.0,158.0,134.0,97.0,0.0,0.0,0.0,0.0,0.0
611,594,1.0,0.0,45.0,45.0,38.0,0.0,0.0,0.0,0.0,0.0
612,595,3.0,3.0,244.0,227.0,183.0,0.0,0.0,0.0,0.0,0.0
613,596,0.0,2.0,155.0,144.0,126.0,0.0,0.0,0.0,0.0,0.0
614,597,3.0,9.0,59.0,70.0,80.0,0.0,0.0,0.0,0.0,0.0
615,598,0.0,0.0,160.0,135.0,111.0,0.0,0.0,0.0,0.0,0.0
616,599,3.0,4.0,155.0,159.0,124.0,0.0,0.0,0.0,0.0,0.0
617,600,3.0,7.0,47.0,23.0,44.0,0.0,0.0,0.0,0.0,0.0
618,601,3.0,7.0,43.0,34.0,33.0,0.0,0.0,0.0,0.0,0.0
619,602,3.0,6.0,0.0,0.0,0.0,0.0,0.0,0.0,0.0,0.0
620,603,1.0,18.0,122.0,51.0,30.0,0.0,0.0,0.0,0.0,0.0
621,604,2.0,2.0,68.0,64.0,57.0,1.0,1.0,1.0,0.0,0.0
622,605,0.0,0.0,72.0,79.0,89.0,0.0,0.0,0.0,0.0,0.0
623,606,3.0,1.0,48.0,42.0,42.0,0.0,0.0,0.0,0.0,0.0
624,607,1.0,1.0,66.0,69.0,64.0,0.0,0.0,0.0,0.0,0.0
625,608,3.0,4.0,50.0,47.0,53.0,0.0,0.0,0.0,0.0,0.0
626,609,3.0,2.0,101.0,143.0,180.0,0.0,0.0,0.0,0.0,0.0
627,610,3.0,15.0,193.0,168.0,143.0,0.0,0.0,0.0,0.0,0.0
628,611,3.0,1.0,124.0,121.0,120.0,0.0,0.0,0.0,0.0,0.0
629,612,0.0,7.0,119.0,158.0,193.0,0.0,0.0,0.0,0.0,0.0
630,613,3.0,3.0,214.0,186.0,132.0,0.0,0.0,0.0,0.0,0.0
631,614,3.0,6.0,67.0,64.0,77.0,0.0,0.0,0.0,0.0,0.0
632,615,0.0,5.0,50.0,47.0,47.0,0.0,0.0,0.0,0.0,0.0
633,616,3.0,1.0,63.0,71.0,78.0,0.0,0.0,0.0,0.0,0.0
634,617,3.0,1.0,185.0,145.0,113.0,0.0,0.0,0.0,0.0,0.0
635,618,3.0,0.0,165.0,57.0,67.0,0.0,0.0,0.0,0.0,0.0
636,619,3.0,1.0,91.0,88.0,89.0,0.0,0.0,0.0,0.0,0.0
637,620,1.0,2.0,125.0,113.0,106.0,0.0,0.0,0.0,0.0,0.0
638,621,3.0,0.0,98.0,88.0,81.0,0.0,0.0,0.0,0.0,0.0
639,622,3.0,7.0,110.0,111.0,102.0,0.0,0.0,0.0,0.0,0.0
640,623,2.0,7.0,147.0,150.0,157.0,0.0,0.0,0.0,0.0,0.0
641,624,3.0,9.0,92.0,74.0,62.0,0.0,0.0,0.0,0.0,0.0
642,625,3.0,7.0,111.0,145.0,128.0,0.0,0.0,0.0,0.0,0.0
643,626,3.0,10.0,23.0,34.0,30.0,0.0,0.0,0.0,0.0,0.0
644,627,0.0,4.0,127.0,123.0,123.0,0.0,0.0,0.0,0.0,0.0
645,628,0.0,4.0,114.0,119.0,114.0,0.0,0.0,0.0,0.0,0.0
646,629,0.0,1.0,140.0,122.0,110.0,0.0,0.0,0.0,0.0,0.0
647,630,3.0,4.0,76.0,65.0,74.0,0.0,0.0,0.0,0.0,0.0
648,631,3.0,8.0,146.0,25.0,20.0,0.0,0.0,0.0,0.0,0.0
649,632,3.0,2.0,120.0,130.0,142.0,0.0,0.0,0.0,0.0,0.0
650,633,3.0,0.0,18.0,29.0,51.0,0.0,0.0,0.0,0.0,0.0
651,634,3.0,0.0,171.0,176.0,179.0,0.0,0.0,0.0,0.0,0.0
652,635,3.0,0.0,156.0,158.0,138.0,0.0,0.0,0.0,0.0,0.0
653,636,3.0,0.0,188.0,144.0,150.0,0.0,0.0,0.0,0.0,0.0
654,637,3.0,0.0,219.0,211.0,205.0,1.0,0.0,0.0,1.0,0.0
655,638,3.0,0.0,93.0,86.0,84.0,0.0,0.0,0.0,0.0,0.0
656,639,3.0,0.0,157.0,157.0,146.0,0.0,0.0,0.0,0.0,0.0
657,640,3.0,0.0,201.0,194.0,187.0,0.0,0.0,0.0,0.0,0.0
658,641,3.0,0.0,225.0,120.0,151.0,0.0,0.0,0.0,0.0,0.0
659,642,1.0,0.0,26.0,34.0,45.0,0.0,0.0,0.0,0.0,0.0
660,643,3.0,0.0,176.0,170.0,165.0,0.0,0.0,0.0,0.0,0.0
661,644,0.0,0.0,133.0,119.0,111.0,0.0,0.0,0.0,0.0,0.0
662,645,0.0,0.0,84.0,67.0,58.0,0.0,0.0,0.0,0.0,0.0
663,646,0.0,0.0,19.0,18.0,18.0,0.0,0.0,0.0,0.0,0.0
664,647,1.0,0.0,117.0,127.0,71.0,0.0,0.0,0.0,0.0,0.0
665,648,0.0,0.0,172.0,141.0,88.0,0.0,0.0,0.0,0.0,0.0
666,649,3.0,0.0,96.0,59.0,127.0,0.0,0.0,0.0,0.0,0.0
667,650,0.0,0.0,115.0,134.0,151.0,0.0,0.0,0.0,0.0,0.0
668,651,0.0,0.0,30.0,30.0,33.0,0.0,0.0,0.0,0.0,0.0
669,652,3.0,0.0,216.0,200.0,187.0,0.0,0.0,0.0,0.0,0.0
670,653,3.0,0.0,79.0,54.0,96.0,0.0,0.0,0.0,0.0,0.0
671,654,3.0,0.0,133.0,136.0,124.0,0.0,0.0,0.0,0.0,0.0
672,655,0.0,0.0,44.0,39.0,45.0,0.0,0.0,0.0,0.0,0.0
673,656,3.0,0.0,110.0,126.0,137.0,0.0,0.0,0.0,0.0,0.0
674,657,3.0,0.0,83.0,149.0,186.0,0.0,0.0,0.0,0.0,0.0
675,658,0.0,0.0,89.0,94.0,96.0,0.0,0.0,0.0,0.0,0.0
676,659,0.0,0.0,109.0,98.0,112.0,0.0,0.0,0.0,0.0,0.0
677,660,3.0,0.0,60.0,58.0,59.0,0.0,0.0,0.0,0.0,0.0
678,661,3.0,0.0,47.0,47.0,50.0,0.0,0.0,0.0,0.0,0.0
679,662,1.0,0.0,49.0,94.0,123.0,0.0,0.0,0.0,0.0,0.0
680,663,0.0,0.0,121.0,114.0,108.0,0.0,0.0,0.0,0.0,0.0
681,664,0.0,0.0,149.0,128.0,102.0,0.0,0.0,0.0,0.0,0.0
682,665,2.0,0.0,105.0,117.0,118.0,0.0,0.0,0.0,0.0,0.0
683,666,3.0,0.0,102.0,70.0,72.0,0.0,0.0,0.0,0.0,0.0
684,667,1.0,0.0,125.0,99.0,101.0,0.0,0.0,0.0,0.0,0.0
685,668,3.0,0.0,50.0,40.0,41.0,0.0,0.0,0.0,0.0,0.0
686,669,0.0,0.0,123.0,140.0,160.0,0.0,0.0,0.0,0.0,0.0
687,670,3.0,0.0,47.0,44.0,53.0,0.0,0.0,0.0,0.0,0.0
688,671,1.0,0.0,26.0,23.0,26.0,0.0,0.0,0.0,0.0,0.0
689,672,1.0,0.0,94.0,88.0,129.0,0.0,0.0,0.0,0.0,0.0
690,673,0.0,0.0,49.0,39.0,29.0,0.0,0.0,0.0,0.0,0.0
691,674,3.0,0.0,110.0,98.0,103.0,0.0,0.0,0.0,0.0,0.0
692,675,0.0,0.0,73.0,73.0,83.0,0.0,0.0,0.0,0.0,0.0
693,676,3.0,0.0,149.0,135.0,142.0,0.0,0.0,0.0,0.0,0.0
694,677,3.0,0.0,130.0,130.0,129.0,0.0,0.0,0.0,0.0,0.0
695,678,3.0,0.0,84.0,95.0,101.0,0.0,0.0,0.0,0.0,0.0
696,679,3.0,0.0,0.0,0.0,0.0,0.0,0.0,0.0,0.0,0.0
697,680,3.0,0.0,0.0,0.0,0.0,0.0,0.0,0.0,0.0,0.0
698,681,3.0,0.0,168.0,148.0,149.0,0.0,0.0,0.0,0.0,0.0
699,682,3.0,0.0,86.0,99.0,57.0,0.0,0.0,0.0,0.0,0.0
700,683,2.0,0.0,133.0,133.0,146.0,0.0,0.0,0.0,0.0,0.0
701,684,0.0,0.0,61.0,45.0,45.0,0.0,0.0,0.0,0.0,0.0
702,685,0.0,0.0,47.0,64.0,73.0,0.0,0.0,0.0,0.0,0.0
703,686,3.0,0.0,124.0,117.0,110.0,0.0,0.0,0.0,0.0,0.0
704,687,3.0,0.0,62.0,58.0,54.0,0.0,0.0,0.0,0.0,0.0
705,688,3.0,0.0,42.0,35.0,50.0,0.0,0.0,0.0,0.0,0.0
706,689,3.0,0.0,170.0,175.0,169.0,0.0,0.0,0.0,0.0,0.0
707,690,0.0,0.0,123.0,120.0,120.0,0.0,0.0,0.0,0.0,0.0
708,691,0.0,0.0,185.0,117.0,65.0,0.0,0.0,0.0,0.0,0.0
709,692,0.0,0.0,105.0,99.0,91.0,0.0,0.0,0.0,0.0,0.0
710,693,3.0,0.0,125.0,147.0,154.0,0.0,0.0,0.0,0.0,0.0
711,694,3.0,0.0,138.0,77.0,89.0,0.0,0.0,0.0,0.0,0.0
712,695,3.0,0.0,224.0,208.0,208.0,0.0,0.0,0.0,0.0,0.0
713,696,3.0,0.0,166.0,161.0,160.0,0.0,0.0,0.0,0.0,0.0
714,697,3.0,0.0,100.0,90.0,93.0,0.0,0.0,0.0,0.0,0.0
715,698,3.0,0.0,126.0,126.0,135.0,0.0,0.0,0.0,0.0,0.0
716,699,3.0,0.0,175.0,168.0,169.0,0.0,0.0,0.0,0.0,0.0
717,700,0.0,0.0,124.0,80.0,74.0,0.0,0.0,0.0,0.0,0.0
718,701,3.0,0.0,83.0,57.0,63.0,0.0,0.0,0.0,0.0,0.0
719,702,3.0,0.0,95.0,57.0,53.0,0.0,0.0,0.0,0.0,0.0
720,703,3.0,0.0,127.0,119.0,64.0,0.0,0.0,0.0,0.0,0.0
721,704,2.0,0.0,177.0,170.0,169.0,0.0,0.0,0.0,0.0,0.0
722,705,2.0,0.0,129.0,157.0,183.0,0.0,0.0,0.0,0.0,0.0
723,706,1.0,0.0,141.0,174.0,196.0,0.0,0.0,0.0,0.0,0.0
724,707,0.0,0.0,124.0,69.0,43.0,0.0,0.0,0.0,0.0,0.0
725,708,3.0,0.0,79.0,90.0,92.0,0.0,0.0,0.0,0.0,0.0
726,709,3.0,0.0,161.0,177.0,187.0,0.0,0.0,0.0,0.0,0.0
727,710,3.0,0.0,187.0,180.0,176.0,0.0,0.0,0.0,0.0,0.0
728,711,2.0,0.0,70.0,127.0,167.0,0.0,0.0,0.0,0.0,0.0
729,712,3.0,0.0,169.0,155.0,153.0,0.0,0.0,0.0,0.0,0.0
730,713,3.0,0.0,126.0,76.0,70.0,0.0,0.0,0.0,0.0,0.0
731,714,3.0,0.0,44.0,35.0,45.0,0.0,0.0,0.0,0.0,0.0
732,715,3.0,0.0,161.0,134.0,137.0,0.0,0.0,0.0,0.0,0.0
733,716,3.0,0.0,109.0,132.0,141.0,0.0,0.0,0.0,0.0,0.0
734,717,3.0,0.0,211.0,197.0,207.0,0.0,0.0,0.0,0.0,0.0
735,718,3.0,0.0,113.0,110.0,80.0,0.0,0.0,0.0,0.0,0.0
736,719,2.0,0.0,214.0,224.0,230.0,0.0,0.0,0.0,0.0,0.0
737,720,3.0,0.0,159.0,145.0,162.0,0.0,0.0,0.0,0.0,0.0
738,721,3.0,0.0,162.0,153.0,137.0,0.0,0.0,0.0,0.0,0.0
739,722,3.0,0.0,112.0,95.0,76.0,0.0,0.0,0.0,0.0,0.0
740,723,3.0,0.0,0.0,0.0,0.0,0.0,0.0,0.0,0.0,0.0
741,724,2.0,0.0,129.0,97.0,138.0,0.0,0.0,0.0,0.0,0.0
742,725,3.0,0.0,48.0,57.0,53.0,0.0,0.0,0.0,0.0,0.0
743,726,3.0,0.0,169.0,149.0,126.0,0.0,0.0,0.0,0.0,0.0
744,727,3.0,0.0,185.0,164.0,138.0,0.0,0.0,0.0,0.0,0.0
745,728,2.0,0.0,159.0,95.0,79.0,0.0,0.0,0.0,0.0,0.0
746,729,3.0,0.0,0.0,0.0,0.0,0.0,0.0,0.0,0.0,0.0
747,730,3.0,0.0,118.0,147.0,171.0,0.0,0.0,0.0,0.0,0.0
748,731,3.0,0.0,172.0,128.0,110.0,0.0,0.0,0.0,0.0,0.0
749,732,3.0,0.0,45.0,29.0,38.0,0.0,0.0,0.0,0.0,0.0
750,733,3.0,0.0,163.0,136.0,113.0,0.0,0.0,0.0,0.0,0.0
751,734,2.0,0.0,82.0,77.0,80.0,0.0,0.0,0.0,0.0,0.0
752,735,1.0,0.0,170.0,135.0,116.0,0.0,0.0,0.0,0.0,0.0
753,736,3.0,0.0,170.0,159.0,159.0,0.0,0.0,0.0,0.0,0.0
754,737,3.0,0.0,0.0,0.0,0.0,0.0,0.0,0.0,0.0,0.0
755,738,3.0,0.0,84.0,52.0,38.0,0.0,0.0,0.0,0.0,0.0
756,739,3.0,0.0,184.0,160.0,144.0,0.0,0.0,0.0,0.0,0.0
757,740,3.0,0.0,119.0,90.0,47.0,0.0,0.0,0.0,0.0,0.0
758,741,3.0,0.0,101.0,90.0,81.0,0.0,0.0,0.0,0.0,0.0
759,742,3.0,0.0,158.0,148.0,144.0,0.0,0.0,0.0,0.0,0.0
760,743,3.0,0.0,109.0,111.0,97.0,0.0,0.0,0.0,0.0,0.0
761,744,3.0,0.0,121.0,109.0,102.0,0.0,0.0,0.0,0.0,0.0
762,745,3.0,0.0,145.0,130.0,161.0,0.0,0.0,0.0,0.0,0.0
763,746,3.0,0.0,140.0,121.0,105.0,0.0,0.0,0.0,0.0,0.0
764,747,3.0,0.0,113.0,141.0,157.0,0.0,0.0,0.0,0.0,0.0
765,0,0.0,0.0,0.0,0.0,0.0,0.0,0.0,0.0,0.0,0.0
766,0,0.0,0.0,0.0,0.0,0.0,0.0,0.0,0.0,0.0,0.0
767,0,0.0,0.0,0.0,0.0,0.0,0.0,0.0,0.0,0.0,0.0
768,0,0.0,0.0,0.0,0.0,0.0,0.0,0.0,0.0,0.0,0.0
769,0,0.0,0.0,0.0,0.0,0.0,0.0,0.0,0.0,0.0,0.0
770,0,0.0,0.0,0.0,0.0,0.0,0.0,0.0,0.0,0.0,0.0
771,0,0.0,0.0,0.0,0.0,0.0,0.0,0.0,0.0,0.0,0.0
